"sample","app_frame_records","app_deadline_misses","all_jank_records","dropped_frame_records","mean_actual_frame_ms","max_actual_frame_ms","actual_durations_ns"
0,35,25,34,0,59.540000,158.770000,"79468001,79714459,65108500,24103792,53564250,60403209,56640041,28654000,40240333,78128292,70084334,54231750,39850792,44221500,59034125,49869750,39474250,50410500,25083000,61921166,7629750,28330333,63699625,70997708,62305125,57197125,87690792,78498041,89346958,116899500,158770916,37648875,76909500,48568833,39304667"
1,20,7,20,0,63.120000,180.240000,"30262666,144026667,180242209,28698917,28378042,94084708,60058125,44836917,60038958,56780541,56855833,55046333,44679292,55371958,55113875,58369791,57204542,40909750,58015833,53499042"
2,14,6,14,0,52.620000,94.670000,"22167083,63669917,28974833,47958625,82624667,29111750,34860375,53153166,57647875,59809583,57710584,55040000,49246250,94671291"
3,21,5,21,0,38.470000,86.870000,"56793750,86867375,29489667,63089625,53008292,42370459,19523958,37703042,29415875,29559250,38698292,34369292,29162834,29792834,32410666,41109083,35042958,36568958,44727625,30040375,8048500"
4,46,5,46,0,33.710000,84.080000,"8272584,24593959,16559209,34879833,22193875,23297709,36765958,35452875,56783458,67768292,84084584,20267459,31922625,47198083,33236333,40646708,38422542,31198250,36480750,31399875,38655334,39817417,31531084,37062500,34172083,32995208,28471500,27065834,45686000,33417500,24910042,29428375,25277125,25011875,33423833,32036875,31526625,33900458,33265000,32538334,35003917,23097083,25300750,28657333,31678667,35431125"
5,56,3,55,0,27.110000,42.350000,"12120125,13041625,18684041,12957708,30675791,32062625,21881042,30115166,30247875,26224959,29705834,30870916,30605625,30890083,21306584,31349542,29387625,26066334,25576041,24859083,23947834,31733875,27557875,32063209,25581208,20521125,21513417,30312708,30131791,25637625,28758541,21420458,29176750,23979167,33061376,24447333,33034167,31835167,27545791,38761792,28054792,23596292,20124709,29227833,32946083,27643416,38569208,39364917,32618959,42347833,28130083,27058916,29631250,24723917,19061834,5603417"
6,26,13,26,0,45.480000,67.460000,"14696000,42895292,37881166,43130834,41278959,35331708,20098458,27465958,18308500,31838000,40382459,67124083,54700916,46066167,60552583,67457458,60643500,61129458,59833083,53388292,43945000,52785625,56470291,54634458,53311792,37080208"
7,21,7,21,0,56.830000,110.730000,"13974542,66109500,110725084,63560166,61209875,86042375,55377667,32784208,32116959,52158125,57293416,54742625,72412583,67584334,46326042,57708166,53616042,60252209,57607625,43578667,48280584"
8,17,8,17,0,53.700000,98.950000,"26939042,46989375,61463584,36399458,26342208,62721292,29591500,33482625,50617709,60259875,57777416,45947083,53420584,98901542,71536750,51505333,98951500"
9,20,5,20,0,39.220000,66.440000,"53539667,61804167,51047750,42768041,66440208,49376125,46617500,40347417,30376417,35642542,35383916,35003333,37278459,34270542,32706375,33536125,38946916,30263500,23620709,5361125"
10,50,6,50,0,31.820000,58.370000,"10157417,22623125,34780667,26522208,34916125,58374541,41013000,31236666,20176792,39186167,29524583,36012125,41796001,47620500,35010167,34539083,34365417,26807166,34428625,24128458,30662958,25250834,30256583,31148500,26712792,31482083,38912125,28606209,38100959,46242125,32371458,37640042,40377541,34963542,29082875,24102041,22214250,24466208,26007125,25252917,26389542,29752125,29372042,33785542,43057959,23076500,24150667,30449667,32893500,30838875"
11,51,4,51,0,30.590000,56.630000,"19992958,17554042,56625500,15697625,30354083,47539292,29799917,31188500,24242875,29227291,29248917,35036125,32703667,43870250,26364500,23089375,25621875,29186792,29703041,29755583,32278125,29993625,29974167,24352166,29608625,28944541,29588666,30385625,32576917,30092667,29905084,30135959,22648125,22379041,29772209,33553250,28840084,45629209,37235291,39657167,25447833,32435542,43815042,32266917,33556834,23741125,25166708,22228000,31723166,34492750,31015916"
12,23,12,23,0,51.580000,85.930000,"29752584,38612292,52686125,35827584,42186709,52299042,85930667,44027083,66851834,69138875,76182041,60675791,51302584,42021375,51351584,55122500,62504292,48280000,56035417,48964959,37765334,41913791,36811375"
13,23,10,23,0,50.780000,101.760000,"31289000,60563709,89960875,16398375,34854834,56873667,46698541,14216208,12651000,22229167,39236417,54643041,55964084,54204500,55287292,56081375,58084750,48977625,57710834,60903041,71471542,101762708,67795041"
14,17,7,17,0,53.230000,98.480000,"40545208,40817666,31810542,98481208,29546583,62921209,51453500,32868250,55846000,50221875,58522334,62691542,27886125,52441750,58865250,56991666,92959500"
15,20,5,20,0,41.080000,64.140000,"29443417,39450583,28479750,43585375,36743125,42505334,39225209,48272000,51229166,51173000,29629125,34742833,41563541,33960958,38974834,50050875,62926958,48880750,64144542,6565500"
16,51,3,51,0,31.460000,46.540000,"9001541,6962041,20330625,45301042,26452209,37943792,26593250,36304000,46540000,41681166,21284875,24540541,27141959,36005750,43149333,36476333,23955542,35759792,33524167,33044333,42821500,39034625,24557750,41659709,36806958,35382875,39471458,32103250,44498875,22126667,25033209,22391167,29246125,30554750,22419000,28368958,30518334,22392458,31233667,32644750,32583042,33639084,25624500,32902417,32556667,45432583,30809833,35706500,34595583,27664750,27499250"
17,50,4,50,0,31.410000,63.370000,"7447167,10766333,20302542,26842291,46852167,46241500,63367126,32460541,42187708,32656000,31004125,42635416,61338084,41457292,48396334,30014167,36871459,25637500,38680375,27205458,41972792,33747625,23900709,29048583,31360208,47984458,25446500,27624041,24749292,27458709,28423083,24637458,29279000,33637208,22173708,36971500,38269625,34640209,22552708,24670625,31210542,21645167,24321500,22733416,25889666,29967333,31066166,30115708,24772167,7714292"
18,25,9,25,0,51.020000,93.270000,"12752625,26127500,45837917,93265791,27334791,51857125,62910750,40898708,51057042,64691792,62451875,44923417,46483541,44084666,52812042,58057542,54331292,61800583,74237292,52069459,52044708,52478917,62535625,42849250,37702208"
19,20,12,20,0,55.790000,114.660000,"14065750,74999416,88239083,8989208,41057791,52546083,39183667,76896083,41173042,45537750,85436000,114657875,61695166,46485542,56455250,59514667,58620042,58318125,33646000,58245541"
20,16,8,16,0,47.090000,84.040000,"28474125,50750042,59026625,35533541,27311583,56847708,28538875,32251625,39432042,57810541,59881250,55517166,60035042,55736625,22306333,84039251"
21,15,5,15,0,52.890000,116.990000,"73245250,116988208,64562542,89722541,101498875,56539750,42231167,45413375,36848709,30607666,37878083,34419167,39473333,18120625,5862291"
22,47,4,47,0,32.400000,47.880000,"19977667,46046917,31715584,33387875,28795000,27246917,29966125,30509667,29736541,29698417,31247042,29135625,32984833,36345875,34220625,22774625,22147166,30056416,23665541,32303709,34021292,41716208,46299292,25786083,24538125,26722125,26805375,33458208,31268667,28906833,34102458,27274125,39762292,29908541,39601833,33891958,40101167,38398417,43805375,40272958,47878333,34972958,43177500,23526333,23277375,29189042,32217500"
23,56,4,55,0,26.930000,49.730000,"12556209,49732292,32773959,46746500,31118000,26814458,28565375,26370000,24081625,25922167,29206875,28262917,26780417,25938542,25200416,22563458,24880333,33192584,24594459,23829708,23751208,25283833,32834292,27720917,27011208,21512458,26532291,24691583,33553333,27139500,21587708,25671417,21485291,28180167,22962250,24707292,24488958,27301666,30752209,24006875,29108167,27053958,29407083,27018709,21317291,21911583,29624625,23174750,30980750,24670625,31838792,28920292,32418833,25584917,28869250,6024500"
24,30,18,30,0,47.410000,85.980000,"10372875,11762667,23917166,63589125,55719875,57154333,41719666,52991208,22505000,33657166,52791916,54001667,85981417,72961125,65207459,70427084,82599792,67496291,36077417,54250750,64246792,40923667,40576541,41094250,36689042,43196125,34963125,42276625,32041626,31221875"
25,22,7,22,0,51.330000,93.770000,"26846000,82057209,58694375,24093708,12849125,41849375,26193166,32242542,72266459,93771417,58832333,36234834,57394375,46214875,54728541,56353166,55294875,58537833,58447000,55582291,62497042,58225833"
26,17,8,17,0,58.910000,126.230000,"14401958,58442208,57983292,43284208,69393958,35046250,34927667,42597417,59201250,55909333,60476041,60026084,58433041,100405834,67708959,57060292,126225083"
27,18,5,18,0,43.970000,86.520000,"56250750,68739916,86521250,60489750,62430750,44570959,36118541,30685417,31195709,39149875,37244750,35068000,40323708,36694792,40469458,47999875,31128541,6413250"
28,49,7,49,0,34.250000,54.810000,"32261209,29552542,41242958,40386209,31621208,46941750,54808792,28305041,35783167,38587709,40066208,33821291,37116208,28451916,34102375,45345833,27561125,25517041,36262000,36722083,34719125,21455500,33606167,33537709,32784166,23140083,27832167,29055625,28320417,27563792,30840291,32472584,34197208,29320584,38159292,36737792,45346792,31694667,37191416,38395375,31672750,32785625,31847375,38078875,25405542,37122500,36469333,41093334,32936292"
29,48,4,48,0,30.600000,59.850000,"12526708,26598750,46051541,22180167,32891250,41100125,29951792,31921334,30272416,30711208,31266375,30142625,22361208,30145125,28661334,23264125,30915375,24269959,23452208,28889791,26637083,27862875,26887166,34771208,23340500,31863042,26010958,24403833,25443375,29374375,34096500,28907333,43697458,48831958,59851625,31666375,41067541,37136042,26512708,28956875,45904750,31775708,44300250,51189125,13758209,17200833,18818375,10772375"
30,22,13,21,0,49.000000,81.780000,"19035458,40710417,20730250,55747917,17362042,9040167,48285291,47226500,68645708,81783542,59303459,44451041,61456500,51483625,47795541,57444458,75776583,76548292,67354250,54865792,36123834,36740583"
31,23,11,23,0,54.500000,128.540000,"38570375,128538125,106277875,22800541,37218958,67808833,37902875,30117875,15194500,40828000,56749500,53663125,55351125,56011875,57022917,56406541,55956708,58680958,45311333,57185958,37123000,69294625,69540458"
32,15,13,15,0,57.480000,84.640000,"41392209,13914292,72253667,62940875,84635625,52423125,60979041,60978292,57411833,78627250,73578875,41719875,68434083,30326917,62635583"
33,20,6,20,0,44.620000,80.770000,"63108041,45011292,46226125,80767042,60870875,40662709,35318875,32822917,27592459,40026875,60385708,41622333,40871833,49619833,38789167,48485458,40904875,36251250,43005584,20097416"
34,50,4,50,0,29.590000,101.460000,"8220292,6861958,23121459,23142125,101456666,78259834,9902083,13887167,13731375,13448250,29637334,18449625,24186291,36378375,35194958,33180500,29815333,34974042,33607583,21049833,23700958,31733375,27508500,29653708,24872208,28569333,22566792,31242041,31530875,26849541,25421208,26031458,31420791,30228708,31718125,39689500,34613208,35914417,29789166,33568750,25547000,28050417,31509875,24878125,35812333,28873084,35491959,29770750,24402125,29984000"
35,49,3,49,0,29.630000,45.230000,"13442042,24296625,13528500,37300166,32413417,16008083,14698000,18119833,18404875,22848541,28498959,29519833,26071250,23554167,25931125,33103792,30251125,30203833,41409541,28544708,30006417,31547750,28366125,25271416,32339208,27644125,21307083,27560958,32934042,30643958,39627500,29983583,43516333,43820208,29647500,43256791,25979291,33039583,40577375,37837292,29098708,45225333,22830667,23412791,33866416,34544042,44075208,33268542,22442583"
